1 -3.56336e-06 2.54948e-06 -0.000269324 3.56356e-06 1 -8.09735e-05 -0.000236747 -2.54919e-06 8.09735e-05 1 0.000884422
1 1.39517e-05 5.76021e-06 0.000310552 -1.39513e-05 1 -7.56447e-05 -9.92957e-05 -5.76127e-06 7.56446e-05 1 0.000887091
1 2.04915e-05 3.95608e-06 3.612e-05 -2.04911e-05 1 -8.65206e-05 -3.34041e-05 -3.95786e-06 8.65205e-05 1 0.000999311
1 1.28943e-05 2.82807e-06 -8.50117e-06 -1.2894e-05 1 -9.47124e-05 -0.000180678 -2.82929e-06 9.47124e-05 1 0.00104336
1 -4.52721e-06 1.31089e-06 -0.000303582 4.52733e-06 1 -9.15964e-05 -5.52249e-05 -1.31048e-06 9.15964e-05 1 0.00103609
1 -1.23775e-06 3.47735e-06 -0.000288724 1.23786e-06 1 -2.94571e-05 -0.000162042 -3.47731e-06 2.94571e-05 1 0.000407444
1 -3.50709e-06 3.21242e-06 -0.000202677 3.50717e-06 1 -2.32481e-05 -0.000274217 -3.21234e-06 2.32482e-05 1 0.000332829
1 -8.31119e-06 3.51164e-06 -0.000269657 8.31127e-06 1 -2.44962e-05 -0.000425981 -3.51144e-06 2.44962e-05 1 0.000347265
1 -5.61979e-07 3.04541e-06 -0.000120802 5.6206e-07 1 -2.64428e-05 -0.000462247 -3.04539e-06 2.64428e-05 1 0.000347845
1 -8.96448e-06 3.21773e-06 -2.98294e-05 8.96458e-06 1 -3.17926e-05 -0.000425308 -3.21745e-06 3.17926e-05 1 0.000400946
1 -7.66995e-06 3.69695e-06 0.00028889 7.67005e-06 1 -2.86687e-05 -0.000423581 -3.69673e-06 2.86687e-05 1 0.000386041
1 -8.21455e-06 3.47577e-06 -4.33115e-05 8.21465e-06 1 -2.92338e-05 -0.000377787 -3.47553e-06 2.92338e-05 1 0.000388394
1 -1.68161e-06 3.51979e-06 -0.000174062 1.6817e-06 1 -2.69058e-05 -0.000160154 -3.51975e-06 2.69058e-05 1 0.000394191
1 1.3328e-05 3.26922e-06 -0.000298289 -1.33279e-05 1 -2.38775e-05 -0.000313132 -3.26954e-06 2.38775e-05 1 0.000335824
1 1.31358e-05 2.8956e-06 0.000274443 -1.31357e-05 1 -2.68182e-05 -0.000648588 -2.89595e-06 2.68182e-05 1 0.000331735
1 -3.61111e-06 2.79661e-06 -0.000694435 3.61119e-06 1 -2.94333e-05 -0.000612871 -2.7965e-06 2.94333e-05 1 0.000367673
1 -2.01352e-06 3.6099e-06 -6.51876e-05 2.01362e-06 1 -2.83768e-05 -0.000498482 -3.60984e-06 2.83768e-05 1 0.000401403
1 -1.2797e-06 3.06693e-06 -1.74097e-05 1.27979e-06 1 -2.78301e-05 -0.000381433 -3.06689e-06 2.78301e-05 1 0.000390616
1 -3.26783e-05 2.55777e-06 -0.000485395 3.26784e-05 1 -2.76955e-05 -0.00053356 -2.55687e-06 2.76956e-05 1 0.000333238
1 -1.9425e-05 2.6859e-06 -0.000504454 1.94251e-05 1 -3.02515e-05 -0.000670758 -2.68531e-06 3.02515e-05 1 0.000375244
1 1.19947e-05 3.05271e-06 -0.000155289 -1.19946e-05 1 -2.80255e-05 -0.000372311 -3.05305e-06 2.80254e-05 1 0.000393375
1 -1.66867e-05 3.47438e-06 -0.000229728 1.66868e-05 1 -3.08493e-05 -0.000296664 -3.47386e-06 3.08494e-05 1 0.00041424
1 -1.03276e-05 2.41711e-06 -0.000184107 1.03277e-05 1 -2.89942e-05 -0.000539069 -2.41681e-06 2.89942e-05 1 0.000351843
1 -1.04607e-05 2.49245e-06 -0.000360851 1.04607e-05 1 -3.14279e-05 -0.000572639 -2.49212e-06 3.14279e-05 1 0.000385994
1 1.9735e-06 2.93025e-06 -0.00016537 -1.97342e-06 1 -2.9727e-05 -0.000417322 -2.93031e-06 2.9727e-05 1 0.000386865
1 -1.42553e-05 3.4268e-06 -0.000611084 1.42554e-05 1 -2.47997e-05 -0.000232513 -3.42645e-06 2.47998e-05 1 0.000374392
1 -2.70957e-06 3.53554e-06 0.000101228 2.70968e-06 1 -3.05584e-05 -0.000316986 -3.53545e-06 3.05584e-05 1 0.000395975
1 1.7603e-05 2.99757e-06 -0.000128166 -1.76029e-05 1 -2.80339e-05 -0.000369509 -2.99806e-06 2.80338e-05 1 0.000363913
1 -1.41921e-05 2.55097e-06 -0.000741485 1.41921e-05 1 -2.82635e-05 -0.000475023 -2.55057e-06 2.82636e-05 1 0.000354645
1 -2.2948e-05 2.91481e-06 -0.000498506 2.29481e-05 1 -2.82789e-05 -0.000470585 -2.91416e-06 2.82789e-05 1 0.000367614
1 1.88524e-06 3.13804e-06 -6.65201e-05 -1.88515e-06 1 -2.98185e-05 -0.000454858 -3.1381e-06 2.98185e-05 1 0.000385379
1 -2.1087e-06 2.94572e-06 -0.000300124 2.10879e-06 1 -3.10665e-05 -0.000407347 -2.94565e-06 3.10665e-05 1 0.000398044
1 -4.4229e-07 3.10781e-06 -0.000513347 4.42372e-07 1 -2.63983e-05 -0.000320702 -3.1078e-06 2.63983e-05 1 0.000376122
1 -2.97332e-05 2.51491e-06 -0.000518563 2.97333e-05 1 -3.15313e-05 -0.000566582 -2.51397e-06 3.15313e-05 1 0.000374765
1 -2.57666e-05 2.90236e-06 2.88584e-06 2.57667e-05 1 -2.75969e-05 -0.000532688 -2.90165e-06 2.7597e-05 1 0.000373296
1 -2.45273e-05 2.86713e-06 -0.000179023 2.45273e-05 1 -3.16018e-05 -0.00042076 -2.86635e-06 3.16019e-05 1 0.000399652
1 -2.03849e-05 3.36267e-06 -0.000360119 2.0385e-05 1 -3.20501e-05 -0.000313399 -3.36202e-06 3.20502e-05 1 0.000441026
1 -2.01673e-05 3.51451e-06 -0.000196725 2.01674e-05 1 -3.08601e-05 5.48514e-05 -3.51388e-06 3.08602e-05 1 0.000433534
1 -8.39269e-06 2.85025e-06 -0.000120104 8.39277e-06 1 -2.84676e-05 -0.000334155 -2.85002e-06 2.84677e-05 1 0.000358103
1 -1.92079e-05 3.27461e-06 -0.000679831 1.9208e-05 1 -2.65091e-05 -0.000372174 -3.2741e-06 2.65092e-05 1 0.000374918
1 3.1917e-05 3.79712e-06 0.000126865 -3.19169e-05 1 -3.22287e-05 -0.000218303 -3.79815e-06 3.22286e-05 1 0.000448625
1 -5.50049e-07 3.17728e-06 -0.00057206 5.50157e-07 1 -3.40581e-05 -0.000543737 -3.17726e-06 3.40581e-05 1 0.000412623
1 -3.73436e-05 2.84407e-06 -0.000681242 3.73437e-05 1 -2.827e-05 -0.000623594 -2.84301e-06 2.82701e-05 1 0.000365423
1 -1.7407e-05 3.02833e-06 -0.000799065 1.74071e-05 1 -3.13626e-05 -0.000528822 -3.02778e-06 3.13627e-05 1 0.000409414
1 -6.76525e-06 3.89097e-06 0.000477754 6.76537e-06 1 -3.21099e-05 -0.000143402 -3.89075e-06 3.21099e-05 1 0.000451567
1 -2.50664e-05 3.42889e-06 -0.000900982 2.50665e-05 1 -2.83695e-05 -0.000259094 -3.42817e-06 2.83696e-05 1 0.000395684
1 -1.81331e-06 3.31466e-06 -0.000889554 1.81341e-06 1 -3.21832e-05 -0.000353942 -3.31461e-06 3.21832e-05 1 0.000427964
1 -2.14856e-05 2.87796e-06 -0.000667316 2.14857e-05 1 -3.03904e-05 -0.000440187 -2.87731e-06 3.03905e-05 1 0.000393626
1 2.34808e-05 3.50451e-06 0.000896116 -2.34807e-05 1 -2.99252e-05 -0.000301592 -3.50522e-06 2.99251e-05 1 0.000422111
1 -5.14839e-05 3.17578e-06 -0.00119882 5.1484e-05 1 -2.60579e-05 -0.000333244 -3.17444e-06 2.60581e-05 1 0.000368201
1 -4.77692e-05 2.98898e-06 -0.0010594 4.77693e-05 1 -2.89166e-05 -0.000404055 -2.9876e-06 2.89167e-05 1 0.000371609
1 -6.85884e-06 3.16372e-06 -0.000234201 6.85893e-06 1 -2.89479e-05 -0.000447556 -3.16352e-06 2.89479e-05 1 0.000395476
1 -7.8563e-06 2.83581e-06 -0.000321025 7.85638e-06 1 -2.6561e-05 -0.000449734 -2.8356e-06 2.6561e-05 1 0.000366563
1 3.92864e-07 2.61997e-06 -0.000500088 -3.92792e-07 1 -2.71672e-05 -0.000489016 -2.61998e-06 2.71672e-05 1 0.000357837
1 -2.45691e-05 2.87931e-06 -0.000943864 2.45692e-05 1 -3.25284e-05 -0.000454565 -2.87851e-06 3.25285e-05 1 0.00041534
1 1.618e-06 3.02178e-06 0.000439758 -1.6179e-06 1 -3.14504e-05 -0.00046684 -3.02183e-06 3.14504e-05 1 0.000420815
1 -1.53383e-05 3.57215e-06 -0.000238725 1.53384e-05 1 -2.83643e-05 -0.000455899 -3.57171e-06 2.83643e-05 1 0.000393364
1 -4.51169e-05 3.00622e-06 -0.00105358 4.5117e-05 1 -2.94357e-05 -0.000299928 -3.00489e-06 2.94358e-05 1 0.00039661
1 -2.98725e-05 2.92765e-06 -0.000387972 2.98726e-05 1 -2.80357e-05 -0.000495304 -2.92682e-06 2.80358e-05 1 0.000346202
1 1.38357e-06 2.98608e-06 -0.000596892 -1.38347e-06 1 -3.30407e-05 -0.000263883 -2.98612e-06 3.30407e-05 1 0.00041959
1 5.13824e-05 3.82265e-06 0.0011992 -5.13823e-05 1 -3.03668e-05 -9.17084e-05 -3.82421e-06 3.03666e-05 1 0.000459433
1 -8.60088e-05 2.32402e-06 -0.00230897 8.60089e-05 1 -1.81018e-05 -0.000710406 -2.32246e-06 1.8102e-05 1 0.000237796
1 -7.28752e-05 2.03405e-06 -0.00206851 7.28753e-05 1 -2.2052e-05 -0.000845992 -2.03244e-06 2.20522e-05 1 0.000239092
1 4.61033e-05 2.60469e-06 0.000675718 -4.61032e-05 1 -2.41562e-05 -0.000805467 -2.60581e-06 2.41561e-05 1 0.000324551
1 -4.15734e-05 1.57034e-06 -0.00174051 4.15734e-05 1 -2.07052e-05 -0.000838893 -1.56948e-06 2.07052e-05 1 0.000232006
1 2.12762e-05 1.55105e-06 -0.000552669 -2.12762e-05 1 -2.82195e-05 -0.00105792 -1.55165e-06 2.82195e-05 1 0.000315477
1 -4.19322e-06 2.13934e-06 -0.000225771 4.19327e-06 1 -2.45018e-05 -0.00092553 -2.13924e-06 2.45018e-05 1 0.000286969
1 -6.72568e-06 3.32144e-06 -0.00149272 6.72578e-06 1 -2.94043e-05 -0.000318295 -3.32124e-06 2.94043e-05 1 0.000409804
1 -5.57365e-05 2.71627e-06 -0.00143101 5.57366e-05 1 -2.29462e-05 -0.000490782 -2.71499e-06 2.29463e-05 1 0.000308449
1 3.65547e-05 1.82431e-06 0.000527078 -3.65547e-05 1 -2.56044e-05 -0.000997071 -1.82524e-06 2.56043e-05 1 0.000297937
1 -2.13277e-05 2.37136e-06 -0.000564292 2.13277e-05 1 -2.44746e-05 -0.000607005 -2.37083e-06 2.44746e-05 1 0.000317378
1 -7.09277e-05 2.42266e-06 -0.00331865 7.09278e-05 1 -2.81907e-05 -0.00034394 -2.42066e-06 2.81908e-05 1 0.000361591
1 2.97056e-05 2.78992e-06 0.000345365 -2.97055e-05 1 -3.19409e-05 -0.000804498 -2.79087e-06 3.19408e-05 1 0.000407312
1 -6.36068e-05 1.69149e-06 -0.00130202 6.36068e-05 1 -2.22236e-05 -0.000919081 -1.69008e-06 2.22237e-05 1 0.000239141
1 -4.07388e-05 2.21934e-06 -0.00224161 4.07388e-05 1 -2.53268e-05 -0.000752122 -2.21831e-06 2.53269e-05 1 0.000328673
1 -1.33694e-05 2.39459e-06 -0.000351105 1.33695e-05 1 -2.5753e-05 -0.000576505 -2.39424e-06 2.5753e-05 1 0.000327556
1 -1.11467e-05 1.52385e-06 -0.00100739 1.11467e-05 1 -2.70292e-05 -0.00113662 -1.52355e-06 2.70292e-05 1 0.000276039
1 -1.85383e-05 1.99695e-06 -0.0011083 1.85384e-05 1 -2.07297e-05 -0.000982309 -1.99656e-06 2.07298e-05 1 0.000257289
1 1.49602e-05 3.25147e-06 0.000338528 -1.49601e-05 1 -2.99469e-05 -0.000392955 -3.25192e-06 2.99468e-05 1 0.000433098
1 -2.72201e-05 2.53199e-06 -0.000925738 2.72201e-05 1 -2.64392e-05 -0.000574517 -2.53127e-06 2.64393e-05 1 0.00032392
1 -4.91997e-05 1.91005e-06 -0.00238082 4.91997e-05 1 -1.86393e-05 -0.00101779 -1.90914e-06 1.86394e-05 1 0.000183942
1 -3.39406e-05 2.28775e-06 -0.000755945 3.39407e-05 1 -2.35562e-05 -0.000892895 -2.28696e-06 2.35563e-05 1 0.000254496
1 -2.9094e-05 2.91517e-06 -0.00105561 2.9094e-05 1 -3.16409e-05 -0.000450142 -2.91425e-06 3.16409e-05 1 0.000376122
1 -2.90258e-05 3.19361e-06 -0.00103258 2.90259e-05 1 -2.83546e-05 -0.000398742 -3.19279e-06 2.83547e-05 1 0.000350154
1 -3.9314e-05 2.5672e-06 -0.00141987 3.9314e-05 1 -2.41761e-05 -0.000836334 -2.56625e-06 2.41762e-05 1 0.00026101
1 -2.42342e-05 2.53794e-06 -0.001448 2.42343e-05 1 -3.06532e-05 -0.000821809 -2.53719e-06 3.06532e-05 1 0.00031029
1 -1.25461e-05 3.46403e-06 -0.00153697 1.25462e-05 1 -2.92292e-05 -0.000538852 -3.46366e-06 2.92293e-05 1 0.000331895
1 -1.91822e-05 3.37412e-06 -0.00174209 1.91823e-05 1 -2.98732e-05 -0.000660752 -3.37355e-06 2.98733e-05 1 0.000324101
1 -4.16159e-06 3.19983e-06 -0.00156335 4.16167e-06 1 -2.41908e-05 -0.000912653 -3.19973e-06 2.41908e-05 1 0.000247406
1 1.95119e-05 2.94198e-06 -3.71875e-05 -1.95118e-05 1 -3.20566e-05 -0.00083847 -2.9426e-06 3.20566e-05 1 0.000358517
1 -1.82048e-05 3.81015e-06 -0.00181724 1.82049e-05 1 -2.60974e-05 -0.000478916 -3.80968e-06 2.60975e-05 1 0.000282863
1 -1.40924e-06 4.08733e-06 -0.00141243 1.40937e-06 1 -3.19841e-05 -0.000342132 -4.08729e-06 3.19841e-05 1 0.00037409
1 -3.86814e-06 3.57718e-06 -0.000719032 3.86823e-06 1 -2.64766e-05 -0.000345824 -3.57708e-06 2.64766e-05 1 0.0002763
1 -1.92209e-05 3.77903e-06 -0.00220308 1.9221e-05 1 -2.81457e-05 -0.00049531 -3.77849e-06 2.81458e-05 1 0.000243909
1 -1.49815e-05 3.3931e-06 -0.00086951 1.49816e-05 1 -3.13586e-05 -0.000525548 -3.39263e-06 3.13587e-05 1 0.000332632
1 9.30236e-06 3.11963e-06 -0.000311966 -9.30229e-06 1 -2.22519e-05 -0.000462343 -3.11983e-06 2.22519e-05 1 0.000256137
1 -9.29916e-06 2.56061e-06 -0.00100249 9.29922e-06 1 -2.32231e-05 -0.000510237 -2.56039e-06 2.32231e-05 1 0.000184579
1 -1.65492e-05 3.02754e-06 -0.00126225 1.65493e-05 1 -2.42451e-05 -0.000627707 -3.02714e-06 2.42451e-05 1 0.000262402
1 2.8255e-05 2.53021e-06 0.000562803 -2.82549e-05 1 -3.32891e-05 -0.000559977 -2.53115e-06 3.3289e-05 1 0.00037005
1 7.92809e-06 1.34227e-06 0.000182844 -7.92806e-06 1 -2.13908e-05 -0.00042026 -1.34244e-06 2.13907e-05 1 0.000177535
1 1.96228e-05 3.35459e-06 -0.000943209 -1.96227e-05 1 -3.37823e-05 -0.000742408 -3.35525e-06 3.37822e-05 1 0.000422779
1 7.77982e-05 4.99243e-07 0.00200899 -7.77982e-05 1 -2.94295e-05 -0.000712529 -5.01533e-07 2.94295e-05 1 0.000267815
1 4.57547e-05 2.65893e-06 -4.05434e-05 -4.57546e-05 1 -2.9652e-05 -0.000594 -2.66028e-06 2.96519e-05 1 0.000353256
1 1.7436e-05 4.43232e-06 -0.000701518 -1.74359e-05 1 -3.1066e-05 -0.000431768 -4.43286e-06 3.10659e-05 1 0.000451853
1 5.11396e-05 1.33753e-06 0.00139061 -5.11396e-05 1 -2.9827e-05 -0.000404463 -1.33906e-06 2.98269e-05 1 0.000321717
1 8.26258e-05 6.6971e-07 0.00257366 -8.26258e-05 1 -3.56255e-05 -0.000534139 -6.72653e-07 3.56255e-05 1 0.000368533
1 0.000110586 8.53355e-07 0.00303987 -0.000110586 1 -2.87331e-05 -0.000245271 -8.56533e-07 2.8733e-05 1 0.000334361
1 0.000117969 1.36871e-07 0.00357051 -0.000117969 1 -3.13943e-05 -0.000456976 -1.40575e-07 3.13943e-05 1 0.000335334
1 9.64053e-05 -2.0582e-07 0.00351353 -9.64053e-05 1 -2.79527e-05 -0.000721838 2.03125e-07 2.79527e-05 1 0.000272056
1 0.000116406 -4.19947e-07 0.00429633 -0.000116406 1 -2.68467e-05 -0.000934699 4.16822e-07 2.68468e-05 1 0.000257567
1 0.000116452 5.61824e-07 0.00473435 -0.000116452 1 -1.88879e-05 -0.00106561 -5.64024e-07 1.88878e-05 1 0.00021408
1 0.000124278 7.82891e-07 0.00522176 -0.000124278 1 -2.02478e-05 -0.000611019 -7.85407e-07 2.02477e-05 1 0.000259687
1 0.000146775 1.64472e-06 0.00551971 -0.000146775 1 -2.59501e-05 -0.00051167 -1.64852e-06 2.59498e-05 1 0.00031419
1 0.000128313 9.3338e-07 0.00526055 -0.000128313 1 -2.03069e-05 -0.000736301 -9.35986e-07 2.03068e-05 1 0.000245335
1 0.000138866 1.87795e-06 0.00493694 -0.000138866 1 -2.40032e-05 -0.00049709 -1.88128e-06 2.4003e-05 1 0.000326478
